# Bundle file v0.3
36 21268
1598.63976268 -0.0391076284001 0.0612986184041
0.999269018457 -0.0378596538152 0.00529861919236
0.0245736058028 0.742310680589 0.669605101072
-0.0292842389383 -0.668985425923 0.742698413391
2.84280760327 29.0159335341 -28.4747366319
1598.63976268 -0.0391076284001 0.0612986184041
0.359036910227 -0.932286145592 -0.0439890876507
0.691150391685 0.233906984848 0.683811859003
-0.627218967481 -0.275916772193 0.728331175808
-1.74648874308 27.9187660055 -29.5740606826
1598.63976268 -0.0391076284001 0.0612986184041
-0.938484205525 0.343497044674 -0.0354566817483
-0.279352872415 -0.694826773711 0.662704856787
0.203000908011 0.631842966912 0.748040838799
-2.86743321558 29.4485163953 -28.6919399681
1598.63976268 -0.0391076284001 0.0612986184041
-0.146947542182 0.9885082676 -0.0354658248592
-0.749732734219 -0.0879206281654 0.655874065948
0.645218759094 0.122968971815 0.754036726482
-3.23689140007 30.4561992973 -29.4342244008
1598.63976268 -0.0391076284001 0.0612986184041
-0.858933089588 0.508733187778 -0.0585191529711
-0.412061745648 -0.618782048194 0.668815291846
0.304037934121 0.598581089316 0.741121861861
-3.59771645788 29.2346710765 -29.0276139094
1598.63976268 -0.0391076284001 0.0612986184041
-0.513925444485 -0.854877958589 -0.0711639896911
0.605477378281 -0.420255205881 0.67585701618
-0.60768230343 0.304251931543 0.733589108596
-3.7348866269 27.4685324858 -28.1678523122
1598.63976268 -0.0391076284001 0.0612986184041
-0.941576082057 -0.32989496095 -0.0678512817763
0.202232768759 -0.714878634068 0.669365704076
-0.269325804444 0.616536984529 0.739828194764
-3.25680061535 28.8004145844 -29.3529755917
1598.63976268 -0.0391076284001 0.0612986184041
0.80796347107 -0.58852659471 -0.0288353383323
0.452273367941 0.588052793005 0.670554034579
-0.377682181296 -0.554824620902 0.74130008092
-0.751437871816 28.3402138126 -28.1872738127
1598.63976268 -0.0391076284001 0.0612986184041
0.552394843351 0.833581880837 -0.00108856754984
-0.630015822443 0.418350867682 0.654264942497
0.545838804512 -0.36072676564 0.756264636248
2.20058200864 28.6179349448 -27.4238135842
1598.63976268 -0.0391076284001 0.0612986184041
0.66765370095 0.744456210709 0.0048462299977
-0.556447648567 0.494695531593 0.66756448784
0.494575120696 -0.448398574216 0.744536210422
3.62985396992 28.2493406671 -28.0980062342
1598.63976268 -0.0391076284001 0.0612986184041
-0.901878433953 -0.429895921803 -0.0424827822454
0.301127484126 -0.696137086797 0.651701921655
-0.309737838622 0.57496317517 0.757284503026
-6.24528750211 28.2745459077 -27.2627687877
1598.63976268 -0.0391076284001 0.0612986184041
-0.312499319618 0.948464641448 -0.052526175964
-0.731217778258 -0.204888040736 0.650646948446
0.606353639387 0.24173480239 0.757561581204
-3.69747199766 30.6527415667 -29.3414211612
1598.63976268 -0.0391076284001 0.0612986184041
-0.00993426666279 0.999908014015 -0.00923438439181
-0.7428636557 -0.00119803411438 0.669441673153
0.669369030793 0.0135103006437 0.742807224246
-1.8133148063 29.1010695701 -29.2420424194
1598.63976268 -0.0391076284001 0.0612986184041
-0.342884635651 -0.937341177443 -0.0618194443915
0.678640248957 -0.292678049045 0.673637121975
-0.649521007458 0.189026655997 0.736472256228
-3.82390191127 27.9782970021 -29.0138710983
1598.63976268 -0.0391076284001 0.0612986184041
0.968788965769 -0.246940782621 -0.0216376912426
0.196928271746 0.713679749835 0.672220551949
-0.150556287119 -0.655500926432 0.740034688278
0.787163016926 28.4941670887 -28.3026537184
1598.63976268 -0.0391076284001 0.0612986184041
0.75016474433 -0.660991666399 -0.0185168386838
0.494004854659 0.541595939627 0.680171332646
-0.439558937957 -0.519387962058 0.73281927167
2.86731076299 28.443742211 -28.7658811952
1598.63976268 -0.0391076284001 0.0612986184041
-0.484246920899 0.872823413822 -0.0606976760985
-0.675779613576 -0.32905780581 0.659577800043
0.555721903 0.360416770863 0.749181498575
-3.76810284065 30.009390326 -29.4662794396
1598.63976268 -0.0391076284001 0.0612986184041
-0.771209077577 0.633846938463 -0.0589458841962
-0.503560952208 -0.550787202911 0.665627391655
0.389439245678 0.543020732303 0.743952658585
-2.3163848193 29.0659095654 -28.9682938893
1598.63976268 -0.0391076284001 0.0612986184041
0.897192762296 0.441243009691 -0.0187017026765
-0.317543206018 0.673942912307 0.667058665533
0.306938853187 -0.592541608117 0.744770423053
2.76807313886 28.791612556 -28.5706569622
1598.63976268 -0.0391076284001 0.0612986184041
0.263982511865 0.964482658544 -0.00929703161185
-0.716902092091 0.202648954803 0.667071803836
0.645263220543 -0.169430228958 0.744935415811
0.835916203648 28.0630663146 -27.9976130737
1598.63976268 -0.0391076284001 0.0612986184041
0.136381188257 -0.988590100712 -0.0639514211301
0.751706827431 0.0612235584331 0.656649466219
-0.645241828373 -0.137627354359 0.751479669884
-3.82468442016 28.9674960265 -28.9014345214
1598.63976268 -0.0391076284001 0.0612986184041
0.80669515387 0.590918517838 -0.00763112035363
-0.441276168183 0.610898916781 0.657326294065
0.393088122583 -0.526894504386 0.753567454932
2.81386402263 29.3278236795 -28.1985742664
1598.63976268 -0.0391076284001 0.0612986184041
0.425334514836 0.904947682699 -0.0126586755618
-0.676492962838 0.327187651924 0.659776865053
0.601205307461 -0.272062367861 0.751354940274
0.45649647643 28.3952037591 -27.6442739024
1598.63976268 -0.0391076284001 0.0612986184041
-0.527372876671 -0.846572647081 -0.0720597124957
0.602834174504 -0.432600608977 0.67040858524
-0.598722646141 0.310115246846 0.738484750467
2.41605372104 28.1449324857 -27.8678457145
1598.63976268 -0.0391076284001 0.0612986184041
-0.745130614567 -0.661312139598 -0.0862938077429
0.449262837437 -0.593358272098 0.667898842513
-0.492892757233 0.458903274071 0.739232382215
-1.82464725466 27.7867191707 -27.9901788557
1598.63976268 -0.0391076284001 0.0612986184041
0.17740953969 0.984136520826 -0.00107870413814
-0.728298040267 0.132026767999 0.672421666126
0.66189713685 -0.118508400155 0.740167507611
-1.75602301787 28.8739819441 -28.7485494435
1598.63976268 -0.0391076284001 0.0612986184041
-0.64529546457 0.761893516052 -0.0557856039103
-0.591415642897 -0.452013433321 0.667765972055
0.483550721995 0.463898831962 0.742277962061
-2.7984689258 29.1482555211 -29.192034345
1598.63976268 -0.0391076284001 0.0612986184041
-0.982807436445 -0.172000020799 -0.0671232874081
0.0827480502707 -0.735323199081 0.672645934404
-0.165052425138 0.655527105266 0.736913774615
-2.72355298651 29.5413307295 -29.9599354028
1598.63976268 -0.0391076284001 0.0612986184041
0.913690381891 -0.406321229591 -0.00854075074877
0.306448919767 0.675000848279 0.671165340581
-0.266943712443 -0.615854620188 0.741258484727
1.49976148539 28.3319572747 -28.1301229333
1598.63976268 -0.0391076284001 0.0612986184041
-0.998520509823 0.00817400146929 -0.0537585078229
-0.0423317656935 -0.737370682812 0.674160587504
-0.0341293579875 0.675438866094 0.736625770044
-2.78915639332 28.9882429132 -29.1437390477
1598.63976268 -0.0391076284001 0.0612986184041
0.568329300686 -0.822704458919 -0.0126166261554
0.607570859517 0.409274785153 0.680699493833
-0.554850841802 -0.394526961705 0.732454107668
1.25182464008 28.207101097 -28.9393053376
1598.63976268 -0.0391076284001 0.0612986184041
0.968160451343 0.249000756144 -0.0257674968637
-0.169278506748 0.727043417492 0.665396615737
0.184418349434 -0.639848804423 0.746045159405
0.322384328318 29.5048415546 -29.1052845619
1598.63976268 -0.0391076284001 0.0612986184041
-0.970959521303 0.237113731776 -0.0318541393484
-0.197463603727 -0.719087770044 0.666273895764
0.135076767779 0.653215016037 0.745026448947
-4.908549204 28.9638025562 -28.581914816
1598.63976268 -0.0391076284001 0.0612986184041
-0.266171593425 -0.960231962008 -0.0843045787166
0.716567349688 -0.255608236258 0.648995888213
-0.644735539748 0.112334361154 0.756106523639
-7.48359570074 28.6012518006 -27.7769452519
1598.63976268 -0.0391076284001 0.0612986184041
0.0228928142411 -0.997479149718 -0.0671659507104
0.731620697255 -0.0290706049455 0.681091811195
-0.681327435529 -0.0647321080053 0.729110883054
-2.07180530851 28.6410963462 -29.9916111562
1598.63976268 -0.0391076284001 0.0612986184041
0.989599923066 0.143571228764 -0.00890474814874
-0.0984705696213 0.721257646431 0.685631792133
0.104859616568 -0.677624313124 0.727894052096
5.98060230811 27.0285146076 -27.8927397294
-26.0106673015 25.8230048334 -36.1238997313
112 113 69
2 8 4643 191.00976 653.1888 22 4685 271.476 629.2032
43.74056112 4.55351048218 -31.7752743584
29 48 28
4 24 5816 -775.6776 526.7856 5 5616 -577.368 632.2272 23 5481 -465.5256 653.2032 13 5216 -418.9272 694.0104
-48.3282370347 18.3414049206 -33.5718062664
41 45 22
2 21 3605 -484.9032 769.1376 9 3722 -282.3624 779.7144
-19.6244223538 8.06554995666 -35.4885572274
27 29 16
3 11 3876 287.7312 487.26 16 3389 371.0232 427.3152 3 4146 208.13832 497.9376
-1.07055143569 -34.7070469205 -34.4592685553
63 71 82
6 8 1321 -1044.3624 -297.696 21 537 -801.7032 -614.8416 19 1989 -1069.5504 -39.37104 9 855 -947.8848 -464.5032 25 2064 -1129.7424 58.93272 22 1679 -1101.9432 -177.38016
46.0327493122 -3.57545727599 -34.9240853599
185 184 180
10 10 647 -1016.7552 496.8048 34 2698 89.66088 709.68 1 3243 378.8928 671.424 20 2969 155.6232 761.652 13 2220 -263.3376 685.752 6 576 -980.2776 393.6792 33 2088 -253.0152 751.092 27 622 -1090.4544 302.5728 24 1488 -626.328 554.0472 5 2134 -420.6696 637.7928
-34.671395654 19.0098423044 -33.0228537733
91 114 44
2 28 662 -1087.452 242.436 14 1177 -974.8848 345.0744
30.2890302544 -15.0227668686 -35.7846248273
138 132 100
2 3 3370 -873.4032 -591.3912 12 3668 -747.6264 -771.3216
2.76868313711 29.8051250078 -34.5141532872
241 239 250
2 5 5531 -971.4528 -231.70704 23 5482 -756.5808 -215.42688
-45.5165442204 29.0018960342 -35.628023138
203 199 187
2 35 5 -702.0048 567.78 0 4 -957.6336 557.9832
17.6217904107 27.6756184133 -36.8352905419
208 210 207
5 35 1335 615.7608 446.1672 28 86 138.92064 566.2632 0 285 408.1032 541.14 7 92 -36.32136 572.4408 14 120 246.5928 561.096
7.57610415185 -19.947867667 -35.2102479493
174 162 110
2 21 2313 -100.32672 -361.5312 9 2446 -242.6208 -357.828
26.7429017567 -5.40719153923 -33.8902038461
163 185 208
6 28 82 791.8608 282.6336 0 40 925.2528 92.47656 15 116 688.5768 398.5152 35 22 1103.3208 -95.3532 7 107 658.3584 383.0328 14 42 848.3376 209.81784
3.69832216776 30.4035060349 -34.8777372331
29 43 43
3 27 924 -404.1936 -698.3904 10 2304 -901.9368 -618.048 6 1517 -611.7936 -659.5536
1.22600463221 -0.703443409248 -23.5592041671
222 161 130
5 17 2956 -80.0616 452.5008 32 2494 -189.07032 464.1168 29 2506 -93.684 460.1376 4 2904 -124.2432 459.144 2 2680 -117.03504 478.8168
8.00759782834 -18.9125247984 -35.2297771248
196 187 154
4 35 2249 458.5704 -460.7568 0 2848 429.348 -317.6904 7 3544 606.876 -94.43088 14 3251 515.568 -262.2456
-27.9699867622 20.379667527 -36.1843666937
69 62 44
2 32 545 975.2232 -147.54528 2 659 1036.6944 -28.92144
15.1497672155 -10.42623082 -33.6512902085
42 54 18
6 3 835 -500.94 -69.44736 19 607 -188.89992 -283.7184 25 639 -349.6152 -231.94632 11 866 -546.6768 -5.18328 22 507 -81.34104 -292.1784 12 760 -435.6144 -167.86824
-27.3369641072 8.07652788176 -30.1453018697
57 52 56
2 24 1522 758.7024 -451.7016 10 1147 697.3896 -225.24672
27.8868072601 -11.1328576638 -35.8969874508
84 89 93
2 11 4192 -791.592 -405.9 3 4195 -679.932 -518.652
9.64023683634 14.1149326445 -35.3283837392
24 24 26
2 29 3542 -360.9144 -196.07256 2 2665 -209.80296 -233.05368
14.4394952135 18.9822374506 -35.9751334241
109 109 107
3 17 4041 28.01592 -504.4056 16 3454 306.5832 -373.1808 26 3768 172.9644 -476.5128
33.6622052289 5.85487746872 -30.93961519
30 30 42
5 17 4308 -1014.1848 -520.8192 11 4464 -360.648 -786.7992 16 4488 -652.8 -752.7816 4 4261 -1157.4 -372.8952 26 4418 -879.6144 -674.5008
-26.5095552952 -20.3481911696 -35.6757834818
165 165 157
2 34 1307 869.1912 -628.1232 20 1109 663.7224 -693.5376
18.3687443079 51.6419979406 -30.7055115482
28 31 36
2 1 2483 -858.5376 647.9112 20 3035 -1136.0952 581.6064
0.460727889248 25.5684350563 -35.5235145559
64 77 34
12 8 71 600.5976 391.5 12 45 696.2568 144.4908 19 43 704.8872 247.6608 25 40 647.2752 220.13352 17 47 601.8168 -339.8208 16 36 700.9872 -70.94256 9 86 553.5744 404.7288 11 34 712.9776 65.68032 22 55 633.1704 334.2576 4 208 442.38 -417.2832 26 46 672.8424 -236.45664 3 36 700.5552 141.0684
-32.792505553 36.899945721 -30.917888631
64 76 102
2 28 2855 -1059.1248 550.4088 14 2896 -890.4576 622.908
-1.26408955865 40.2208623813 -33.393214223
161 165 150
2 35 3163 215.8392 664.8768 14 2760 -193.67448 692.5704
10.9682221284 0.785014074895 -29.7124286061
27 28 32
2 25 3798 36.486 37.02768 12 3655 -31.37928 38.63424
-26.3060423916 -26.547971067 -34.4871616115
26 34 11
2 8 2033 -938.5056 314.0376 9 2131 -980.6448 195.00144
26.0696891193 27.3560092238 -35.9632359224
25 30 36
2 25 2530 1151.0976 -413.0208 12 2469 1072.0176 -600.8088
18.6480486104 -17.7831295001 -35.1234887213
41 40 38
2 21 1559 319.2552 -538.7424 9 1026 114.72984 -617.1792
-4.47809411794 -4.4147349384 -24.0894653505
90 49 43
4 21 3751 -112.00056 444.732 31 4235 -158.89608 389.82 9 3344 -95.33688 430.0008 18 4090 -96.87768 393.6096
-36.2128951108 0.32124828741 -27.3115787903
214 226 242
2 21 2147 -654.0696 690.2616 18 2196 -767.0376 590.58
-17.1547844705 -9.71364629413 -35.3448749924
24 32 11
3 35 3988 -394.4112 -82.96056 31 3968 -540.6144 55.59 18 3857 -475.7832 121.14456
-38.4246462755 -47.4438740626 -34.8922821808
52 58 58
2 3 2227 -796.6704 747.2232 12 2235 -948.768 670.8888
-38.1627365998 -13.1604921276 -29.840415897
40 62 13
2 21 2692 -961.7736 501.0288 18 2463 -1068.4176 353.3088
10.6863938299 17.7869596234 -35.1159384774
27 27 29
2 27 190 -482.9688 -217.9044 29 196 -419.8416 -302.8968
19.2031278376 28.1427854799 -35.6066699736
50 52 31
2 24 5875 -989.6232 -126.99888 23 5568 -808.5576 102.5184
-25.3207635082 13.6379791001 -36.1648865723
86 84 95
10 10 3928 501.684 -507.1296 34 1221 -548.3544 -588.84 29 3849 854.0304 -153.87192 23 2283 309.5376 -780.1512 13 2318 -246.2592 -761.2944 6 3631 720.7728 -399.3912 33 2128 -460.1664 -702.4224 27 3488 812.6304 -252.5256 24 3281 493.1856 -699.4488 32 3802 764.9544 0.017761224
-3.4111730317 -3.84295453625 -23.796603115
102 57 52
2 31 3638 -117.70176 405.5376 18 3571 -54.61656 404.0064
58.6002709413 36.2119347702 -34.0691887009
19 17 18
2 34 571 -565.5024 772.704 33 504 -1006.0368 718.152
-10.9420466166 -26.2742187843 -34.1326293167
106 115 70
7 8 581 -821.3664 70.4184 3 1044 -641.1456 450.3936 19 591 -767.9568 221.54256 9 686 -789.3264 -47.814 25 597 -806.4696 284.3808 22 556 -829.7808 141.22248 12 866 -706.1328 366.9912
1.5591775738 31.2162399347 -34.705640967
80 89 84
7 12 669 881.9712 137.75184 25 492 812.6016 233.4036 17 3507 780.4584 -510.8952 16 1742 910.8792 -153.77088 11 1008 919.9056 18.309864 26 2475 876.9216 -361.4688 3 694 897.2304 118.1304
-26.0086688725 50.6336545033 -31.2688504905
54 53 67
2 25 1504 922.4712 709.056 19 1693 895.9176 751.6848
7.50961683794 -23.4178975152 -34.2215285375
178 170 147
9 21 1806 -194.95896 -443.5056 12 824 -795.1848 19.820976 19 721 -692.0064 -174.40872 25 647 -803.5032 -93.06744 16 1344 -690.9048 268.92 9 1308 -362.5416 -418.008 11 1164 -746.2728 216.47232 22 784 -640.164 -258.9912 3 880 -784.32 131.98728
55.0695817638 11.4222782822 -34.5255249924
224 219 215
5 24 564 -1000.6272 478.6176 5 1154 -748.9296 622.1568 23 850 -648.996 638.0088 33 1192 -544.2528 770.6088 13 1425 -564.6168 699.3936
-4.99815684914 -24.9741959496 -34.1900893509
120 116 68
7 28 3109 319.428 -563.3856 0 2159 -59.59416 -539.5776 31 1526 -396.5328 -424.2264 18 1408 -471.7488 -360.9096 35 1506 -98.07576 -608.5704 7 3303 458.9808 -486.7008 14 2750 124.59336 -580.632
-45.7486805871 4.52937096845 -27.7320857001
156 105 88
2 17 1990 919.8216 764.412 4 1948 1041.456 702.8952
18.4245994062 -18.0232683785 -34.3487154664
36 46 21
2 25 446 -645.696 -399.3168 19 347 -467.8344 -482.5128
18.920898788 35.9864141807 -32.6516937247
217 225 236
6 28 4623 88.79472 728.9616 15 4830 -122.35368 699.9408 1 5216 -572.3184 572.6712 7 4717 -113.74152 722.556 20 5359 -781.4928 539.5608 30 4975 -352.7952 660.6
1.45049660901 24.6094462865 -36.1417416665
180 182 179
3 17 1223 542.3568 -351.912 4 1457 383.6496 -421.716 2 1590 219.8784 -479.6016
11.3754732733 -15.1407448754 -34.5790574522
140 130 81
3 25 4367 -517.4448 -164.5896 12 4285 -560.0928 -80.184 19 4370 -379.0992 -229.50192
-21.9874264578 -5.83399298012 -35.6586621017
73 76 67
4 32 567 415.8768 354.0024 29 547 571.5048 275.3448 4 522 349.9296 437.9664 2 591 426.4464 402.0336
-20.000555346 5.7285593463 -33.5367232529
6 7 2
2 32 833 513.552 195.37104 2 1211 559.4184 259.3608
4.43577836339 -34.8356344016 -34.5077513004
182 167 128
2 8 801 -1005.6432 -467.508 22 940 -1105.2384 -337.5576
21.718852808 26.1501160163 -35.618600413
111 117 133
2 31 3965 668.424 491.2992 18 3847 856.404 391.4016
17.5033075744 46.6875581353 -32.6654667669
24 27 32
4 34 3919 -1064.172 413.5992 1 1089 -773.5464 588.4224 30 329 -523.7496 699.4992 20 1773 -1021.6488 526.824
18.4296283153 -11.7221822094 -35.8369713877
85 93 95
2 16 666 -656.4072 -69.68352 26 500 -657.3816 -12.393192
14.5720774012 5.66657699609 -33.5397530733
123 135 147
8 3 3972 50.7912 -106.77984 17 3298 -282.2136 -130.96944 16 3734 -138.08784 -136.99272 2 2848 -451.6392 -26.65728 11 4079 -40.0284 -107.63856 4 3086 -390.0 -93.67992 26 3660 -216.32784 -158.97216 32 2734 -554.2848 -11.206728
-25.144006465 -23.70100304 -35.6932506512
161 154 146
2 0 1432 -893.3424 -541.8696 14 1001 -761.7216 -780.984
30.0926073138 -14.9781914676 -35.7996013177
137 134 103
4 11 3117 -966.8544 -440.1528 16 2893 -1034.2728 -318.6216 12 3966 -742.4184 -762.0984 3 3426 -867.2808 -583.9008
2.96553372771 -11.3857144426 -24.8156023667
116 55 37
2 25 2342 -451.128 309.8256 12 2614 -451.4208 357.792
-36.4478777798 -12.6518992967 -31.1756873427
90 113 41
3 21 2770 -905.5224 460.1952 9 2597 -755.7552 535.212 18 3227 -1001.3376 316.9056
-27.0522485436 43.3701621343 -29.3995978482
218 227 232
2 28 3341 -931.3872 679.1232 14 3522 -758.4624 733.8624
8.76635335958 -6.60231903731 -26.2366691268
76 85 100
5 35 1563 533.5248 130.72224 21 279 240.8328 160.76328 0 2993 426.5472 246.78 31 1296 291.7104 215.62704 18 469 315.1344 156.17592
3.97385953431 -0.733131856708 -23.4823362792
53 19 7
5 8 2035 141.76128 389.2752 21 2385 209.32128 423.3408 22 1704 67.0248 373.0968 9 2168 207.2208 368.28 19 1566 52.01736 351.2256
6.06762883134 41.0612616664 -35.0678341139
43 47 58
5 8 1437 967.5912 462.516 25 1913 1139.9736 180.5304 21 1225 693.4704 616.7304 22 1485 1051.0752 377.3688 19 1756 1182.7488 241.2096
-9.52198651227 -24.477098439 -34.2435645335
49 59 22
2 31 3300 -550.7832 -369.5928 18 3678 -596.544 -281.5464
-26.4232466582 17.8217742976 -36.2202159798
97 78 64
3 27 1145 884.7624 -395.7672 32 948 873.9288 -92.52216 29 842 951.8928 -276.144
-29.516911699 -24.8180823225 -35.2420206161
59 64 60
14 8 3088 -901.2024 357.1728 21 4004 -1055.988 120.52272 12 2608 -548.2944 577.5984 19 2766 -703.2672 475.1856 25 2673 -698.2008 519.7536 17 2059 135.31488 677.6016 16 2178 -176.55096 683.1624 9 3488 -954.0192 243.7224 2 1788 364.8096 654.912 11 2324 -321.696 683.9136 22 2968 -832.1376 414.1368 4 2085 226.11024 668.6352 26 2091 -13.431024 672.6912 3 2452 -451.824 643.9704
-44.2235828315 -11.9138243007 -31.9479654199
35 40 44
4 8 4585 -714.5448 681.2472 21 4733 -995.712 518.4192 9 4626 -811.1088 597.36 18 4809 -1125.1056 361.1328
14.5228740646 -7.79649059546 -34.2779026983
76 94 44
3 8 2337 141.24936 -233.19384 22 2217 0.404664 -246.9504 9 2529 273.2496 -244.7976
-14.6779744509 22.9398463375 -36.2942549691
122 125 114
7 10 4754 -56.55864 -678.5856 23 4318 -272.604 -613.7472 13 3577 -684.6576 -497.9304 6 4242 228.28056 -621.1896 33 3770 -829.4304 -416.0928 24 5110 -125.35632 -714.8784 5 4297 -539.7984 -636.252
28.4204226182 -5.20613219594 -33.0489206817
243 244 246
5 8 70 616.3536 -595.3008 21 122 929.6352 -328.5864 31 1263 963.4248 -36.55056 9 82 812.2968 -534.3696 18 206 1020.4392 -221.97
-20.116612266 -2.80942039098 -34.8266232179
9 9 17
2 32 3104 406.2912 316.9512 29 3080 544.1736 239.62368
4.89693767626 -7.37649504842 -25.0560441551
208 160 138
2 25 4559 -299.9328 276.5136 12 4523 -321.4104 310.4136
1.00386995111 26.1557982647 -35.4179692439
29 27 30
3 27 255 -237.00936 -546.8448 29 438 -71.95176 -599.04 6 218 -418.224 -540.3552
1.54792082724 26.7640801653 -35.4870929166
253 245 242
2 24 78 -655.6968 -412.2552 23 58 -630.276 -215.226
6.90880593446 -24.2602674174 -34.2030992074
105 108 77
13 8 2036 -552.3504 -321.8016 28 4143 707.6112 -349.8 21 2488 -235.70976 -456.5016 0 3495 441.1392 -493.0824 19 1777 -722.1744 -163.23336 31 3392 78.054 -508.6248 9 2228 -404.4312 -422.2584 18 2800 -46.97904 -533.4 35 3554 429.6792 -650.8992 25 1607 -829.716 -80.3532 22 1954 -676.0704 -252.5736 7 4161 749.0496 -214.04664 14 4142 583.7208 -429.4344
3.02682823718 -10.566486292 -34.6598775123
227 235 238
2 21 4200 -24.32208 -41.81544 31 4330 50.83488 -58.85064
4.68453038933 24.6575950792 -35.0771842744
178 171 165
2 32 1737 -104.47416 -548.1384 29 2076 -222.5076 -539.0016
-12.3910022721 19.9452779126 -35.9844631299
33 47 11
2 1 4559 -689.6592 -17.576472 30 3899 -614.7216 123.04632
-2.0987781192 29.240643602 -35.7634331062
54 71 39
2 10 637 -663.5712 -690.0288 6 483 -362.9208 -703.1592
-7.04251334737 11.1467540862 -36.1873909863
150 155 151
3 17 3790 373.5744 72.71976 4 4086 318.3672 32.79024 2 4120 281.9424 -10.772208
-31.5891103506 -10.5223517678 -29.7855072429
63 63 63
4 35 1591 -921.0264 73.58736 28 4792 -1029.1968 -380.9952 0 3311 -1062.2424 18.812448 14 4748 -1093.1808 -216.27
-32.0009708361 -3.78546227433 -24.0988001181
71 78 94
2 1 543 -528.0336 -706.9728 30 916 -785.4072 -533.244
2.0475265603 37.9348682032 -13.4810035868
58 58 68
2 27 452 -1077.8688 -750.0576 2 4133 967.9104 -716.0016
-1.14475921485 30.7008812709 -34.74286178
122 102 101
2 25 1696 763.776 280.7424 19 1010 809.1624 316.8168
-16.7721392485 32.6452234907 -36.1600793334
174 165 156
3 28 3536 -603.2616 472.0896 7 4233 -772.6632 373.8816 14 3339 -489.048 519.8064
35.5745000779 -10.0725971623 -34.5444280824
237 233 234
5 33 3823 -89.38968 698.6064 1 2834 469.7568 567.7704 30 2572 685.1736 503.0328 13 3495 -88.83288 637.1424 20 3724 274.1544 674.112
-25.4645792847 -46.97037305 -33.6638023016
75 90 61
5 11 548 -749.8632 720.2592 16 508 -563.0352 749.244 12 561 -1069.5024 565.9752 3 573 -924.264 653.0472 26 693 -365.0016 774.3384
-15.4632508699 -18.7410334374 -34.1091947269
179 172 153
3 1 1970 471.0504 -421.6416 20 1167 559.7592 -236.54976 15 2624 183.33168 -535.1616
-31.7502101735 37.228796357 -30.8003425674
85 82 89
2 25 1617 604.4736 747.4392 19 1697 585.54 772.9512
-12.0200820635 -21.4838812763 -34.6840515213
45 55 57
2 0 4364 -344.0688 -420.7512 14 4602 -200.8344 -524.1768
19.1386175105 10.0293490184 -34.5265297699
79 79 81
8 10 306 -781.2096 134.39928 29 540 -658.2336 -75.8388 23 330 -354.672 312.5952 13 290 -432.5952 359.2728 6 382 -656.8608 71.25072 27 485 -641.7792 18.416208 24 294 -539.532 199.28952 5 289 -505.3656 292.2384
-12.4225891049 -22.977986352 -35.2023806292
141 147 99
4 24 730 698.0976 336.1944 5 822 737.7816 172.76976 23 814 918.036 207.3 13 1097 749.5488 79.0476
-8.25815768385 -11.1580864674 -31.9619466748
119 133 144
3 21 742 -327.7872 164.80368 31 720 -324.7512 51.92568 18 692 -296.3808 85.03896
10.4337909355 27.6016434774 -33.2059330436
127 65 76
3 8 2779 867.2784 331.9056 21 2555 693.5328 493.236 9 2746 820.0152 368.4912
-2.85858436863 12.1193461969 -36.0284355443
66 67 69
7 10 3555 -251.7072 -153.81816 23 2109 -121.3608 -97.2096 13 1779 -371.9856 -55.2756 6 3505 -70.78416 -152.62416 33 1381 -471.4296 2.746224 24 2889 -154.03464 -159.5448 5 2365 -326.544 -120.31608
13.328730139 -12.6959945867 -35.1137001344
142 135 109
5 8 4632 -36.1008 -304.1952 21 4844 237.16752 -277.4736 31 4803 391.7784 -192.75144 9 4705 109.89528 -333.8208 18 4876 362.2416 -276.3696
-31.6214953808 -10.7075325242 -33.308405082
120 124 133
5 8 1078 -581.7096 534.672 21 680 -760.4064 392.5656 31 520 -963.972 148.4532 9 785 -639.1512 456.0192 18 571 -831.6696 263.6904
3.97716223816 36.2120332471 -34.6567838011
97 33 33
2 16 1035 1110.9192 -295.8048 26 1327 1064.3976 -559.9488
13.4625185283 -6.40442589257 -26.7030087152
224 144 95
2 8 1556 182.19936 -0.1470948 9 1251 320.556 -10.24188
0.341659827648 25.3050157451 -34.2710831087
28 39 9
3 17 2911 606.84 -307.7808 16 2495 702.3216 -39.8496 26 2652 675.7392 -200.2848
-15.0522788552 33.2844164406 -36.1984031998
165 158 150
9 8 654 459.5328 600.1032 21 1279 213.43008 654.1416 12 339 771.9864 386.7672 19 402 662.5944 484.128 25 369 649.644 454.7304 9 801 373.3512 593.4696 11 242 947.2872 312.0816 22 525 537.1992 557.0808 3 288 844.8648 384.7896
-1.83772629777 27.5886838789 -35.6761871017
136 147 113
7 10 5142 -627.0792 -616.884 34 4362 -765.4584 61.99656 23 5293 -621.4872 -315.492 13 4954 -872.9808 -175.32888 33 4953 -959.0496 -92.11656 24 5600 -608.4984 -515.4552 5 5416 -845.1792 -332.076
-29.1740277369 -21.9948789752 -35.8120423505
158 153 149
2 34 1593 991.3296 -755.3424 33 2724 1008.6264 -409.5672
-14.2809244234 45.9589791213 -33.4022958059
79 83 58
3 30 4760 -1108.5168 391.4064 7 3655 -834.7344 576.4416 15 4034 -844.08 528.348
-16.2353708377 -5.76793343859 -32.1104392985
32 36 47
2 31 4891 -486.264 199.65864 18 4953 -405.3024 258.936
-13.7423432003 24.5205761414 -36.3368009518
138 127 123
2 24 1156 -201.34392 -742.0272 6 881 172.75056 -673.368
-43.2305473931 36.7830049047 -33.7700796117
230 221 226
2 35 3894 -605.34 672.0024 31 3977 -583.3128 761.04
-32.922767816 20.298812934 -32.2689447279
100 116 54
3 25 511 256.872 700.4088 22 395 107.67912 741.2136 19 418 249.1656 709.6728
1.83801687705 24.8275935078 -36.1203694317
202 202 204
3 32 1234 14.060664 -543.672 29 885 -101.08224 -560.1216 2 1757 209.65872 -492.5832
-44.597152279 35.1440367938 -31.9147717424
189 214 219
2 11 1205 1003.608 782.8128 12 640 657.7536 788.3448
1.88871897853 -7.80153479048 -28.518596382
195 124 94
2 22 3039 -189.35592 197.05128 19 2916 -202.39632 212.10672
-19.4149070836 -18.8886040886 -34.6085216749
37 50 32
2 21 3884 -726.6312 109.7316 18 4139 -723.132 -27.20616
17.7436334439 -15.3768960892 -35.3424685382
14 19 15
12 8 4515 -30.53664 -497.3664 21 4525 331.5624 -444.1536 12 3949 -618.4776 -280.7568 19 4478 -355.4472 -450.12 25 4321 -527.7672 -379.7184 17 2182 -662.7384 144.564 16 2502 -727.3368 -6.358584 9 4478 158.94576 -526.2 11 2861 -711.1296 -70.3944 22 4551 -220.73976 -485.9712 26 2259 -706.2912 61.4616 3 3277 -676.2624 -160.10688
-37.4230436187 -37.2613608558 -33.9762424107
168 169 164
3 25 4500 -965.472 608.4192 12 4419 -762.5472 678.5688 19 4602 -999.8928 552.8184
-25.8071873032 18.3406795744 -35.808222117
60 55 33
2 11 2347 555.2352 527.5368 16 2218 667.9152 441.7512
3.40391877919 28.5857652789 -34.7544600566
113 151 160
3 8 3622 714.4392 401.472 9 3790 659.304 422.58 19 3495 832.4952 230.69448
-25.3429000371 25.9148945921 -36.3125706535
125 116 85
5 17 2408 1099.9536 104.12184 27 878 902.9232 -718.164 32 1705 1019.3328 -334.4736 29 1372 1049.3784 -575.6424 26 2472 995.484 230.71752
-5.17331939493 -13.348309878 -35.2849150687
107 115 55
3 34 246 419.58 38.42832 1 99 343.4544 -96.62784 20 180 345.9984 34.55328
-24.7379691796 -6.68319049996 -25.677743285
50 27 35
6 8 318 -465.024 677.8488 21 205 -617.0856 570.0984 31 209 -804.9048 378.0816 9 339 -507.3456 609.3744 18 156 -676.9248 462.156 22 454 -417.5688 693.3792
22.3521930669 -16.7930044101 -35.3781732799
187 197 189
3 21 4164 478.4064 -599.8176 9 4301 260.508 -714.0264 18 3556 669.8976 -551.6592
8.54236641306 13.5155021894 -36.2547419127
136 132 120
2 3 1510 326.784 -29.35464 12 1618 379.2576 -48.69624
-21.5529023097 -1.85066567159 -35.0665213059
34 34 36
2 28 485 -577.8024 -103.3968 7 394 -568.0536 -212.17224
-7.41033306732 -22.2595555769 -35.0760160423
157 139 99
2 31 1461 -431.676 -329.1576 18 567 -474.6288 -263.9976
-25.2512790387 4.70487079904 -24.948277921
185 130 109
4 17 4188 626.0184 654.1632 16 3536 369.6456 763.9512 4 4414 665.7648 607.824 26 4008 508.5744 696.1632
-20.7576081672 -8.38246550307 -30.743582028
20 36 9
4 27 4517 616.0248 386.7264 32 4393 379.2336 495.5112 29 4522 546.744 429.4584 2 4336 385.3512 538.0488
35.4230347144 24.2601863787 -32.7837038466
181 181 179
2 5 5740 -966.3768 393.4416 23 5624 -832.308 414.6696
17.32928169 -16.6358937974 -34.1358923173
37 49 29
3 25 3154 -588.2328 -347.8104 22 3294 -281.9688 -470.0928 19 3253 -416.9352 -423.8592
-15.3704681792 -17.9577301989 -35.577399058
187 176 154
2 24 1529 710.7864 225.23424 23 857 889.7568 87.63312
1.03218869661 4.34041058805 -25.0369815158
116 73 64
2 27 2042 -97.84224 334.6968 29 1981 -87.09744 316.7064
43.7866674428 -3.20277884738 -34.5837394444
90 110 47
5 24 211 -608.9784 544.1112 10 135 -990.8472 488.2368 27 113 -1053.5016 303.1968 23 398 -304.9704 644.7288 6 134 -951.2712 388.2552
-25.0901747736 22.556395529 -36.8119690675
179 175 174
2 34 4360 -875.7024 -594.3408 1 5235 -1023.5784 -318.3024
18.1967735796 26.9779580362 -35.6109449059
205 205 205
2 27 4757 -874.7616 -488.2584 6 2026 -971.8944 -384.3408
-26.3568216168 20.1316997973 -35.6845215013
13 12 7
2 17 220 952.3896 217.2876 26 410 848.0064 317.3832
-11.8013723977 34.7265567889 -36.1771588818
63 71 74
2 4 2755 1085.892 -477.9288 2 2452 942.372 -675.7752
-14.0157800612 -12.8559973129 -35.481691931
225 223 211
16 8 4355 -451.7688 246.4872 28 4683 -215.99976 -315.2856 21 4612 -469.7904 129.03672 0 4735 -377.556 -160.99752 15 3773 57.56208 -364.2744 23 255 743.9688 47.118 1 1668 250.3392 -335.2416 31 4655 -495.72 -34.03632 9 4475 -443.2656 171.84552 18 4704 -456.7968 28.24464 35 4631 -322.6584 -178.36272 7 4421 -131.95152 -354.504 14 4865 -319.7616 -263.8944 20 539 329.5632 -202.05672 30 2861 163.1892 -368.9688 5 254 546.0768 12.868968
11.2476180925 -9.94994400298 -29.7247991442
46 65 71
3 21 1609 243.1968 -48.85944 31 1855 353.7552 22.136664 18 1680 348.3576 -50.9472
18.9658597982 10.5147588969 -32.5950795485
223 224 229
7 10 273 -811.5432 165.97848 29 899 -679.3752 -50.18064 23 232 -375.8448 347.8608 6 427 -683.0712 101.46912 27 672 -665.4912 48.92448 24 234 -565.1592 231.77208 5 181 -532.2552 325.6872
-4.60906792937 -0.581244973362 -24.5089111515
222 172 147
2 10 4347 -27.40152 397.284 6 3669 98.8752 413.1528
-4.83071717198 -20.1859514803 -35.162311369
190 178 138
4 28 1055 220.06008 -408.1344 1 1401 576.9984 -143.2824 7 1132 318.648 -359.4408 15 1202 502.6104 -333.7944
44.1512580726 -5.90898589732 -30.9474977942
77 90 72
2 10 4443 -992.1744 599.868 6 3616 -956.9184 498.2544
10.175098817 27.9352983096 -34.0271503606
235 239 242
2 32 4449 -327.8688 -732.5904 2 4522 -74.68248 -708.4824
35.6142274668 -13.0159104985 -35.3878961101
26 45 60
3 1 3006 530.5488 542.7936 30 2967 746.3712 467.1432 15 2973 971.0568 372.6936
6.11660864766 29.0272240937 -35.1628598109
246 255 255
6 3 2112 846.4632 8.167104 17 1108 577.3752 -576.048 16 1604 786.0456 -260.7576 2 1299 117.34464 -705.2496 11 1884 834.6336 -93.19992 26 1373 708.6648 -452.5704
-52.5879048581 -26.7387202526 -35.3222119582
48 64 87
2 25 4604 -686.208 732.7128 19 4689 -731.1024 698.3232
-1.87371574445 -21.0773332357 -35.1366023963
170 160 109
3 8 748 -549.6264 -67.70352 22 885 -610.7424 -13.22448 19 1203 -603.9456 52.23144
-14.9094668506 -21.4877413577 -34.0393226071
42 40 27
2 10 81 468.048 434.5608 6 89 503.5872 456.8976
55.4843742857 7.83709653558 -33.3958242599
66 65 34
2 28 3570 1085.6424 621.288 7 2961 822.0528 724.872
-21.40169838 -49.8866606387 -32.7095472392
87 63 53
2 16 1578 -662.6304 744.9768 26 1745 -459.864 776.8248
-1.75941082403 14.6990642427 -36.0792186964
193 192 187
9 10 4273 -331.3056 -209.98008 29 3907 36.01344 -213.05808 23 3183 -211.68552 -113.29968 2 3792 174.60552 -142.62528 6 3947 -137.74176 -214.02072 4 3605 251.9976 -109.21824 27 3823 -37.63992 -195.18744 24 3877 -241.5816 -197.62944 32 3865 49.67448 -183.26616
-2.29433338208 -36.7948599149 -34.4505296581
89 98 55
10 17 3636 -459.4512 580.5552 16 3878 -743.4216 476.5752 29 3444 20.294808 661.9344 2 3865 -248.8272 666.9624 6 3427 278.0064 653.3712 11 3820 -871.7712 421.704 4 3510 -376.5696 615.3096 26 3721 -596.9712 525.8856 27 3277 165.48768 668.8272 32 3604 -209.9952 665.8968
-32.6904586687 -11.0460382271 -27.9150340207
94 40 28
2 28 3372 -1132.224 -377.0592 14 3161 -1194.3264 -199.26648
14.5651817813 3.21169769555 -33.5410163194
37 50 41
2 25 2685 145.11528 -139.26624 19 2590 292.6272 -148.40136
19.3142031375 30.5964243117 -30.4998456074
210 223 229
2 24 1660 -1171.1112 -70.17 27 1405 -1118.304 -533.8896
-27.8482187077 14.8836754362 -36.3089302369
199 197 184
6 17 2448 830.808 290.2104 29 3981 959.1168 -187.30656 2 2982 904.7256 86.12184 4 2678 859.4064 206.8944 27 4414 919.5864 -305.1576 32 3428 857.8032 -13.835568
-18.7187621583 5.29274025267 -35.9225927347
153 147 123
3 32 2888 458.7048 143.86416 29 2661 554.0136 51.98304 2 3095 505.9752 204.18936
-16.9102158001 -10.7743403152 -35.4841727841
89 79 26
3 27 1755 478.7208 321.2328 29 1822 408.6504 352.9464 6 2116 513.7416 257.6592
-14.4648348415 37.6334099961 -32.5042881658
80 76 73
2 11 2925 1136.232 366.9936 3 3177 1010.4096 453.18
4.83045835778 17.4631788596 -35.5453628042
182 179 174
2 5 619 -571.5768 -29.25432 13 701 -568.6056 63.13656
-1.15387882438 30.5318014643 -34.5853602203
105 103 108
6 28 1333 -256.9128 559.1592 15 633 -401.808 478.6632 1 397 -740.412 269.688 7 847 -421.5264 511.0992 14 1580 -153.83736 579.228 30 416 -583.1304 397.6176
27.9621842273 31.8060468445 -26.3711848167
163 174 194
3 35 1944 932.9496 705.816 31 1859 895.3464 755.2824 18 1543 1162.0248 652.032
16.5322846224 27.301316956 -36.2115542254
211 215 214
6 12 1856 911.76 -265.1736 25 2125 932.5728 -129.8532 16 815 603.0192 -593.328 11 1321 749.4744 -419.6496 26 598 419.5488 -768.3696 3 1599 840.9768 -301.2888
9.28337927234 31.951910187 -36.1820951979
65 70 73
3 27 3351 -637.4088 -747.8736 10 3529 -1093.512 -602.4144 6 3355 -820.092 -668.9976
8.88337228181 -14.8836660322 -35.3851226123
169 167 116
2 21 2517 53.36784 -254.8752 31 1731 220.6092 -229.03896
-2.96408037087 9.90484547717 -29.5460793091
48 69 0
2 32 1612 45.15264 98.73168 29 903 66.65952 68.1864
-12.4531770389 21.7962336271 -32.0981236211
51 46 24
2 17 2342 796.8096 67.76472 4 2248 732.3984 -21.134952
0.338073427896 10.2582062349 -29.9752350293
70 89 25
2 17 103 199.59816 114.25488 26 88 221.93808 148.64568
-19.2758036467 -8.69661184724 -32.6020627975
181 174 156
3 24 1616 720.3216 85.75752 10 1696 507.8976 227.202 6 1743 592.392 275.8008
28.6612313636 -5.3232032737 -34.51299385
160 165 168
8 8 459 602.4744 -628.5048 21 870 912.612 -366.5088 0 2436 973.7376 82.07784 31 1579 951.0096 -75.36624 9 560 795.5688 -570.876 18 1163 1006.1856 -260.04 35 1628 1164.1152 -113.95968 14 3005 889.68 207.744
33.7905322108 31.5107647439 -33.5871411241
241 241 243
5 34 98 -608.4768 590.8944 1 106 -332.0256 675.1608 33 128 -979.2504 512.772 30 112 -95.22288 726.9864 20 81 -557.1072 677.0016
1.69014831341 -36.316025371 -34.6890262558
168 159 126
2 21 1478 -783.7608 -755.9544 9 1992 -971.0592 -597.2664
0.30856532955 27.3151449166 -34.9840340846
71 100 116
4 34 967 -746.0112 118.15416 5 206 -860.3976 -260.0136 33 461 -953.4768 -27.53088 20 1141 -766.9656 213.09048
-0.467923040354 -24.9122373085 -33.8005825739
21 47 108
2 31 819 -226.21032 -456.6336 18 942 -326.1696 -422.9736
-20.4930759674 -46.4526732346 -32.3472429725
26 39 19
2 11 206 -813.8856 700.8576 16 185 -629.5512 733.1808
27.6143550417 -5.2132233857 -34.0841642934
116 114 119
4 8 4722 576.1776 -581.2248 21 4808 878.1168 -331.0824 22 4688 356.6256 -656.7504 9 4798 763.3296 -526.1712
-43.2979335235 -11.7374616938 -31.0125747299
47 60 69
2 8 4084 -711.5688 693.984 22 3759 -606.9816 718.9992
-6.00472298587 -25.2565741553 -34.1639612069
104 106 57
6 8 921 -742.044 -18.10644 21 1482 -617.5968 -218.59032 0 4004 -102.97272 -552.6744 31 2988 -439.0512 -425.3256 18 1764 -510.8472 -354.5352 35 3351 -144.06216 -614.4552
9.24682334931 27.2274241254 -35.9793575971
60 58 63
3 27 992 -557.8512 -550.176 10 703 -943.6272 -433.6536 6 862 -705.024 -490.236
-47.52261261 -8.21667036009 -27.721753872
198 198 200
2 21 1717 -1010.2104 680.0376 18 1633 -1166.0736 539.0616
12.5388507733 -3.26865618883 -34.3501760064
77 93 119
12 8 3915 226.86192 -109.59144 12 4330 -169.06536 -109.62936 19 4367 45.50736 -159.5928 25 4382 -96.64824 -132.12768 17 4212 -373.476 50.82192 16 4078 -342.1272 -2.092956 9 3962 328.62 -114.03288 11 4158 -292.7496 -6.20136 22 4314 114.05424 -134.1396 4 4384 -425.9568 92.71992 26 4123 -364.4424 7.507272 3 4208 -237.90888 -39.26016
6.84423495881 16.5457158731 -35.1090479913
16 20 23
2 17 4380 182.38512 -252.5544 26 4256 264.9216 -209.62728
-17.0763314681 32.9218328412 -35.8655277317
36 51 20
11 8 715 424.8 625.5672 21 1676 175.18032 673.4256 12 589 750.2664 420.6192 19 603 632.7216 513.9144 25 556 622.9776 485.6784 16 345 1042.8744 206.49552 9 958 337.1136 616.4544 11 452 936.5016 350.7024 22 935 504.4656 582.4392 26 318 1152.8976 12.124992 3 525 827.8728 420.4776
2.32044271636 27.7928865564 -34.2772657393
58 76 80
3 24 261 -722.52 -401.328 10 666 -788.5944 -531.576 6 3046 -510.54 -564.6192
-0.972925665118 -0.804397373494 -23.076256247
66 68 65
3 8 1866 35.81952 487.8864 22 1888 -13.60668 476.3352 19 2064 0.4824216 460.6464
5.30676685018 29.1363446361 -35.208971968
35 46 64
2 7 519 -276.7032 532.9824 15 395 -259.9224 506.184
4.71625694289 27.9685707161 -35.2332756259
180 200 209
7 28 3608 -115.11216 546.9432 0 3919 136.46568 569.964 1 2961 -593.328 328.9056 35 3949 331.4976 499.1184 7 3355 -275.5176 517.8048 14 3719 -17.212656 557.136 20 2572 -729.3216 283.6296
14.7500948309 30.4643631092 -35.4316750635
47 41 41
3 0 534 341.5152 593.7384 31 425 508.452 563.1768 18 403 698.0616 487.2984
5.82272198429 13.2187584341 -36.1264667993
135 137 123
9 17 436 127.8108 -178.45824 16 1728 234.20808 -69.12528 29 249 -222.31416 -182.58168 2 261 -85.46616 -183.33528 11 2209 283.248 5.048472 4 326 9.058584 -190.58064 26 786 187.54896 -148.79328 27 325 -275.3856 -130.6992 32 227 -215.62392 -199.596
55.3158723407 15.1603490275 -33.2674430679
80 97 52
2 34 4349 -234.17256 786.9936 33 3977 -621.0936 782.1792
-18.3663847632 1.52574128738 -35.4268100581
119 129 128
5 17 1728 385.1472 358.848 16 2134 208.64568 450.7128 4 1511 399.408 323.0784 2 1060 443.7648 275.7912 26 1975 305.2056 392.1552
-21.6506632903 0.138707299561 -35.4279722866
250 246 245
4 28 4789 -588.9336 -63.93264 7 4844 -594.2688 -176.38104 14 4903 -603.2424 16.430232 15 4856 -450.66 -221.80608
-24.4445329254 -8.02076788213 -27.047930109
158 152 152
4 35 420 -680.844 181.72968 0 434 -800.604 162.88752 31 661 -804.288 320.8944 14 285 -820.2528 -9.77532
14.0234925543 33.6053344579 -35.7447620589
150 153 160
3 5 2375 -1121.7288 -70.06392 33 2519 -1071.8184 181.7412 13 2478 -1037.7648 97.88064
-24.1294116018 -60.0240223943 -35.2226992227
62 61 69
2 11 2884 -959.1216 704.724 3 3127 -1172.4552 623.9568
-24.5345542297 -10.1563648921 -35.6929800879
143 144 126
3 32 246 431.1504 423.7872 29 270 609.2016 347.5176 2 266 427.2168 469.8408
51.8846146302 19.2910209037 -35.4348902295
178 195 203
5 28 3089 820.9104 664.3344 1 2599 7.649544 750.8112 7 2789 577.992 738.3624 30 2684 266.58 757.5744 15 2747 539.112 733.2312
-35.3235197632 -0.712236285967 -23.5613613476
201 148 132
3 32 3997 929.4048 643.284 29 3940 1178.8704 529.0032 2 3692 911.5776 713.9088
-35.3365533937 -0.682589251418 -23.8514338868
185 148 140
4 32 4057 925.8096 634.056 29 4161 1174.8696 519.7464 4 3936 764.7792 775.9752 2 4059 909.3936 705.4776
9.16323440506 27.4985101216 -35.786172429
208 201 191
4 34 5012 -668.0208 248.3208 5 5459 -905.5056 -82.2888 33 5069 -917.136 136.1184 13 5136 -864.4992 58.62408
26.4485430115 31.3821299129 -30.4326472469
17 23 23
2 35 2059 856.7904 607.8768 31 1971 819.2088 654.528
-1.6984699551 30.1136517748 -35.0000479449
150 152 149
3 17 4490 815.04 -405.6168 4 4570 645.588 -514.248 2 4535 453.4152 -619.776
-35.9520502502 -23.6024279823 -34.5585672628
136 161 165
